CLASS REPORT
----------------------------------------------------------------------
REGID    | NAME       | AGE | P   | C   | M   | B   | AVG    | R  
----------------------------------------------------------------------
CAP007   | Ankita     | 14  | 99  | 99  | 99  | 99  | 99.0   | 1  
INF007   | Ankita     | 14  | 99  | 99  | 78  | 99  | 93.75  | 2  
EDG007   | Ankita     | 14  | 99  | 99  | 78  | 99  | 93.75  | 2  
INF007   | Ankita     | 14  | 99  | 99  | 78  | 99  | 93.75  | 2  
EDG007   | Ankita     | 14  | 99  | 99  | 78  | 99  | 93.75  | 2  
HPE005   | Hemanth    | 14  | 94  | 91  | 93  | 96  | 93.5   | 3  
HPE004   | Abhi       | 14  | 86  | 93  | 97  | 95  | 92.75  | 4  
HPE003   | Muni       | 14  | 97  | 98  | 77  | 94  | 91.5   | 5  
HPE008   | John       | 14  | 96  | 93  | 77  | 85  | 87.75  | 6  
HPE002   | Aryan      | 14  | 98  | 61  | 93  | 96  | 87.0   | 7  
ORA006   | Grace      | 14  | 67  | 95  | 96  | 87  | 86.25  | 8  
HPE001   | Vijay      | 14  | 99  | 98  | 97  | 36  | 82.5   | 9  
HPE009   | Chris      | 14  | 54  | 91  | 43  | 96  | 71.0   | 10 
HPE006   | Grace      | 14  | 94  | 65  | 46  | 67  | 68.0   | 11 
----------------------------------------------------------------------